model1
[cv_auc]
[0.79737336 0.7847619  0.73571429 0.83285714 0.69666667 0.6502439
 0.62487805 0.75463415 0.78731707 0.74682927]
mean: 0.7411275797373358 , std: 0.06293658186602215

[cv_acc]
[0.82089552 0.79104478 0.7761194  0.8358209  0.71641791 0.68181818
 0.62121212 0.75757576 0.81818182 0.77272727]
mean: 0.7591813658977838 , std: 0.06442114514306523

              precision    recall  f1-score   support

           0       0.80      0.83      0.82       131
           1       0.74      0.70      0.72        91

    accuracy                           0.78       222
   macro avg       0.77      0.77      0.77       222
weighted avg       0.78      0.78      0.78       222


model2
[cv_auc]
[0.87476548 0.83619048 0.86809524 0.89571429 0.78238095 0.82682927
 0.75170732 0.87317073 0.78390244 0.85853659]
mean: 0.8351292772268384 , std: 0.045562259669318046

[cv_acc]
[0.86567164 0.80597015 0.82089552 0.8358209  0.82089552 0.78787879
 0.6969697  0.87878788 0.81818182 0.84848485]
mean: 0.8179556761646314 , std: 0.047887140690179054

              precision    recall  f1-score   support

           0       0.85      0.95      0.90       131
           1       0.91      0.76      0.83        91

    accuracy                           0.87       222
   macro avg       0.88      0.85      0.86       222
weighted avg       0.87      0.87      0.87       222


model3
[cv_auc]
[0.87382739 0.82905138 0.83378378 0.90056285 0.87936047 0.86031746
 0.76574074 0.92113095 0.81799798 0.87748016]
mean: 0.8559253166126333 , std: 0.042874320566323953

[cv_acc]
[0.88059701 0.79104478 0.80597015 0.82089552 0.8358209  0.8030303
 0.65151515 0.89393939 0.83333333 0.84848485]
mean: 0.8164631388511985 , std: 0.06321753070053901

              precision    recall  f1-score   support

           0       0.84      0.95      0.89       131
           1       0.92      0.74      0.82        91

    accuracy                           0.86       222
   macro avg       0.88      0.85      0.85       222
weighted avg       0.87      0.86      0.86       222


